{
  "name": "blobs_cosine",
  "params": {
    "min_cluster_size": 5,
    "min_samples": null,
    "cluster_selection_method": "eom",
    "cluster_selection_epsilon": 0.0,
    "metric": "precomputed"
  },
  "labels": [
    0,
    0,
    0,
    0,
    0,
    0,
    0,
    0,
    0,
    0,
    0,
    0,
    0,
    0,
    0,
    0,
    0,
    0,
    0,
    0,
    0,
    0,
    0,
    0,
    0,
    0,
    0,
    0,
    0,
    0,
    1,
    1,
    1,
    1,
    1,
    1,
    1,
    1,
    1,
    1,
    1,
    1,
    1,
    1,
    1,
    1,
    1,
    1,
    1,
    1,
    1,
    1,
    1,
    1,
    1,
    1,
    1,
    1,
    1,
    1,
    2,
    2,
    2,
    2,
    2,
    2,
    2,
    2,
    2,
    2,
    2,
    2,
    2,
    2,
    2,
    2,
    2,
    2,
    2,
    2,
    2,
    2,
    2,
    2,
    2,
    2,
    2,
    2,
    2,
    2
  ],
  "probabilities": [
    0.45965927376543714,
    0.4345465967201805,
    0.971609981296402,
    0.18364788761871162,
    0.971609981296402,
    0.5124733191171499,
    0.12520215764476494,
    0.6694408411052062,
    0.5180432323935504,
    0.1375135462774391,
    1.0,
    0.5153155470681464,
    0.5711985666085524,
    0.3699397680986365,
    0.21502927702577182,
    0.2869319223564175,
    0.9233994883862027,
    0.8854579078351178,
    0.9525203318410188,
    1.0,
    1.0,
    0.8909082942991459,
    1.0,
    0.5660763760278253,
    0.4940855969088918,
    0.5912846126951797,
    1.0,
    0.46757893744787693,
    0.16372524966959826,
    0.2656001733577041,
    1.0,
    0.6667339348131781,
    1.0,
    0.45399617272021514,
    1.0,
    1.0,
    1.0,
    1.0,
    0.3285579944977846,
    0.7679335459362949,
    1.0,
    0.5055921421230204,
    1.0,
    1.0,
    1.0,
    1.0,
    0.702853355341964,
    1.0,
    0.7372994362245717,
    0.5795066024982215,
    1.0,
    0.1706440588914489,
    0.48965933764341346,
    0.9062403642295352,
    1.0,
    1.0,
    0.41664223535687883,
    0.7951567638696353,
    1.0,
    1.0,
    1.0,
    0.975299505580332,
    1.0,
    0.4730106853161686,
    1.0,
    1.0,
    0.7915703920949861,
    1.0,
    1.0,
    1.0,
    0.6575044188400455,
    0.975299505580332,
    1.0,
    1.0,
    1.0,
    0.10842092984920025,
    1.0,
    0.811269312031988,
    1.0,
    0.6446241248759559,
    1.0,
    1.0,
    0.3197456487742105,
    1.0,
    1.0,
    0.9133398793189028,
    1.0,
    0.7334600105688381,
    1.0,
    1.0
  ],
  "single_linkage_tree": [
    [
      72,
      65,
      0.0001343625944758564,
      2
    ],
    [
      90,
      74,
      0.00014795787850063746,
      3
    ],
    [
      26,
      10,
      0.00019581393224454846,
      2
    ],
    [
      62,
      69,
      0.0001992157714350018,
      2
    ],
    [
      93,
      91,
      0.0001992157714350018,
      5
    ],
    [
      94,
      84,
      0.00020050491400880333,
      6
    ],
    [
      92,
      22,
      0.00021048879131968512,
      3
    ],
    [
      43,
      54,
      0.00021529418607535433,
      2
    ],
    [
      97,
      32,
      0.00021642385924280916,
      3
    ],
    [
      98,
      55,
      0.00021642385924280916,
      4
    ],
    [
      35,
      42,
      0.00022374823972937108,
      2
    ],
    [
      20,
      96,
      0.000239697895827784,
      4
    ],
    [
      40,
      99,
      0.00025523033741403633,
      5
    ],
    [
      19,
      101,
      0.0002725691946713349,
      5
    ],
    [
      95,
      76,
      0.0002726588771755356,
      7
    ],
    [
      4,
      2,
      0.00028053354732693325,
      2
    ],
    [
      105,
      103,
      0.00028053354732693325,
      7
    ],
    [
      106,
      18,
      0.0002861557759554767,
      8
    ],
    [
      104,
      60,
      0.00028931904095064187,
      8
    ],
    [
      108,
      73,
      0.0002946531370772165,
      9
    ],
    [
      107,
      16,
      0.00029518014477969423,
      9
    ],
    [
      45,
      47,
      0.00030571292135017636,
      2
    ],
    [
      100,
      111,
      0.00030571292135017636,
      4
    ],
    [
      110,
      21,
      0.0003059452879892177,
      10
    ],
    [
      113,
      17,
      0.00030782851704125314,
      11
    ],
    [
      112,
      36,
      0.00031018231842538935,
      5
    ],
    [
      102,
      34,
      0.00031506014298843255,
      6
    ],
    [
      109,
      89,
      0.0003258951983575731,
      10
    ],
    [
      30,
      115,
      0.0003379121282729436,
      6
    ],
    [
      117,
      78,
      0.00034300789516206187,
      11
    ],
    [
      67,
      86,
      0.0004029785729302571,
      2
    ],
    [
      116,
      50,
      0.00040642806979251933,
      7
    ],
    [
      114,
      7,
      0.0004071594948126256,
      12
    ],
    [
      118,
      44,
      0.0004079164229165988,
      7
    ],
    [
      119,
      64,
      0.00041663765503374695,
      12
    ],
    [
      124,
      88,
      0.00041663765503374695,
      13
    ],
    [
      122,
      25,
      0.000460977994047429,
      13
    ],
    [
      123,
      58,
      0.00046374153006278895,
      8
    ],
    [
      81,
      83,
      0.00046915493127563934,
      2
    ],
    [
      120,
      128,
      0.00046915493127563934,
      4
    ],
    [
      126,
      12,
      0.0004771881629355157,
      14
    ],
    [
      121,
      59,
      0.00048139514829681485,
      8
    ],
    [
      130,
      23,
      0.00048150604090557714,
      15
    ],
    [
      37,
      131,
      0.0005159382062487339,
      9
    ],
    [
      68,
      129,
      0.0005256549110894682,
      5
    ],
    [
      132,
      8,
      0.0005261514437935322,
      16
    ],
    [
      127,
      133,
      0.0005280713749410415,
      17
    ],
    [
      135,
      11,
      0.0005289364860464607,
      17
    ],
    [
      137,
      5,
      0.0005318700203571503,
      18
    ],
    [
      138,
      24,
      0.0005516639148693825,
      19
    ],
    [
      136,
      53,
      0.0005827056438718614,
      18
    ],
    [
      139,
      27,
      0.0005829372814760703,
      20
    ],
    [
      0,
      141,
      0.0005929809539977349,
      21
    ],
    [
      125,
      80,
      0.0006153110361544201,
      14
    ],
    [
      142,
      1,
      0.0006272496361232616,
      22
    ],
    [
      143,
      134,
      0.0006273835486899637,
      19
    ],
    [
      71,
      61,
      0.0006432727024880958,
      2
    ],
    [
      145,
      146,
      0.0006432727024880958,
      21
    ],
    [
      140,
      57,
      0.0006641097692122733,
      19
    ],
    [
      147,
      85,
      0.0006869113709978558,
      22
    ],
    [
      148,
      39,
      0.000687652437812436,
      20
    ],
    [
      150,
      48,
      0.0007162237606542776,
      21
    ],
    [
      144,
      13,
      0.0007367934409221455,
      23
    ],
    [
      151,
      46,
      0.0007513251106044949,
      22
    ],
    [
      149,
      77,
      0.000773335733751046,
      23
    ],
    [
      153,
      31,
      0.0007920271451145044,
      23
    ],
    [
      154,
      66,
      0.0007925808683034719,
      24
    ],
    [
      156,
      87,
      0.0008553752619769872,
      25
    ],
    [
      155,
      49,
      0.0009112430689565132,
      24
    ],
    [
      152,
      15,
      0.0009499437791127274,
      24
    ],
    [
      157,
      70,
      0.0009541890985261814,
      26
    ],
    [
      160,
      79,
      0.0009732548387181295,
      27
    ],
    [
      159,
      29,
      0.0010262387679402796,
      25
    ],
    [
      158,
      41,
      0.001044461198949076,
      25
    ],
    [
      163,
      52,
      0.001078446451123538,
      26
    ],
    [
      33,
      164,
      0.001163162613854185,
      27
    ],
    [
      165,
      56,
      0.0012674456167141024,
      28
    ],
    [
      162,
      14,
      0.0012675910854625938,
      26
    ],
    [
      161,
      63,
      0.0013263623173134231,
      28
    ],
    [
      167,
      3,
      0.0014841945540764456,
      27
    ],
    [
      166,
      38,
      0.0016072394639132792,
      29
    ],
    [
      169,
      28,
      0.001664796329346796,
      28
    ],
    [
      168,
      82,
      0.0019621331864722036,
      29
    ],
    [
      171,
      9,
      0.0019821261399325385,
      29
    ],
    [
      173,
      6,
      0.0021770327269015066,
      30
    ],
    [
      170,
      51,
      0.0030945781433677766,
      30
    ],
    [
      75,
      172,
      0.005786553846776399,
      30
    ],
    [
      175,
      176,
      0.8329267713864204,
      60
    ],
    [
      174,
      177,
      0.8455655845214232,
      90
    ]
  ],
  "distance_matrix": [
    [
      0.0005929809539977349,
      0.004043209415083737,
      0.0010368839105582284,
      0.0014841945540764456,
      0.0005929809539977349,
      0.0019611800216723374,
      0.01054882796887302,
      0.0023166595243210297,
      0.0029333665056933134,
      0.0019821261399325385,
      0.002578153564847696,
      0.0008942690213874505,
      0.0017911576359613823,
      0.006050157464298045,
      0.004051823588411163,
      0.002181081538611518,
      0.003086343130721203,
      0.004057227283166709,
      0.0005929809539977349,
      0.0020939374266558675,
      0.0028873611695541257,
      0.001474219088220985,
      0.0028488511150902562,
      0.0005929809539977349,
      0.002153670324973933,
      0.003105778586185992,
      0.0035816370779403472,
      0.004588190825161154,
      0.001664796329346796,
      0.001699831228722526,
      0.9608739914937163,
      1.0265068734436316,
      1.0136210337999478,
      0.9127401669339328,
      1.0161351073396947,
      0.9827470975685312,
      0.9612528210060144,
      1.0307984639692618,
      0.9752738039259824,
      0.9442881521579776,
      1.0386908572612317,
      0.9159804196089512,
      0.9874246295714567,
      1.0309342291921697,
      1.0022498096419994,
      0.9800956019380154,
      1.0257634885581932,
      0.9723974127324484,
      0.9515239751820569,
      0.957988328695949,
      1.003770778813361,
      1.044547533160609,
      0.9601428506853124,
      0.9806269545894164,
      1.0361975885971026,
      1.0310029439800512,
      0.9523237181951218,
      0.9312996659708245,
      0.9413911534762336,
      1.0507026744249766,
      0.9569115752850909,
      0.974073341305116,
      0.9859541186448898,
      0.9286361610394841,
      0.9455907818524563,
      0.9796125810806692,
      0.9762738060575968,
      0.9182705170293571,
      0.9431198847404656,
      0.9754861516203253,
      0.9953140437101848,
      0.9393737497622422,
      0.9893319372649712,
      0.9556396753650696,
      0.9756346258163857,
      1.0707938247369675,
      0.9892642431949529,
      0.968954427131519,
      0.9674053789489016,
      0.9035245818036638,
      1.003404198044977,
      0.9109426226926052,
      0.8721711825728767,
      0.9190779986964038,
      0.9800771973779385,
      0.895648389785793,
      0.935651732656394,
      1.0171826932880403,
      0.9684137306386655,
      0.992786942217917
    ],
    [
      0.004043209415083737,
      0.0006272496361232616,
      0.0032614310973806404,
      0.006281799888997686,
      0.003432665072674479,
      0.0006272496361232616,
      0.00727733726214308,
      0.0006272496361232616,
      0.008096697245159157,
      0.004514098105955933,
      0.0014247206574112825,
      0.004392886387808881,
      0.0006272496361232616,
      0.006360248007743818,
      0.0012675910854625938,
      0.009382062697101845,
      0.003004224087679086,
      0.003969960173828335,
      0.0020533676414050683,
      0.0045959821981207405,
      0.003460161333532885,
      0.002019315302157265,
      0.0011860949229306472,
      0.0016110154235681184,
      0.007983391954913044,
      0.005495732758267202,
      0.0022497239646702694,
      0.0015455738232718064,
      0.0032136257800816637,
      0.00926290416533282,
      0.9085831345820968,
      0.9769040865503615,
      0.9589098765876923,
      0.8607743315046534,
      0.9607907567286078,
      0.9313641696806219,
      0.9090665923775207,
      0.9786998163346731,
      0.9287984604344975,
      0.8944063983055215,
      0.9850358551107435,
      0.8604294928748485,
      0.937403990726385,
      0.9761594695942691,
      0.9513855184516337,
      0.9292909700502192,
      0.9760278727045695,
      0.9199081411136865,
      0.8952024441034097,
      0.9026209031899316,
      0.9493088250742686,
      0.9847527066793993,
      0.9034587859636226,
      0.9319160357745293,
      0.9826295112393261,
      0.9770607077020901,
      0.9052195745743739,
      0.8773849909652739,
      0.8899397290967641,
      0.9951507664355249,
      1.028721860362348,
      1.0493343708333782,
      1.0572517848351022,
      0.9973534028157222,
      1.0164161458570147,
      1.052163184725587,
      1.051819715316806,
      0.9924044491790543,
      1.0166627651122175,
      1.0462992530635808,
      1.0705431442206632,
      1.0142189586337496,
      1.0616815146109528,
      1.0268324382756429,
      1.0477060338114697,
      1.1381491708596827,
      1.0623036354938085,
      1.045047163391255,
      1.0374004517791473,
      0.9752350630172381,
      1.0729708338030661,
      0.9846089275311278,
      0.9465753064418664,
      0.991209147789401,
      1.0514961072144406,
      0.9681977726518787,
      1.009019662093092,
      1.087749590854457,
      1.0382269941729856,
      1.065811647121333
    ],
    [
      0.0010368839105582284,
      0.0032614310973806404,
      0.00028053354732693325,
      0.0019348146296176427,
      0.00028053354732693325,
      0.0021032706296174597,
      0.005037919669532376,
      0.0010910272850611635,
      0.0011414852878874893,
      0.004259869124636051,
      0.0007072214051103698,
      0.0005289364860464607,
      0.0013909067483249826,
      0.0020941409238016684,
      0.004149955388810023,
      0.0016505253609884196,
      0.0005932622117754693,
      0.0010042853877808566,
      0.0002861557759554767,
      0.00028053354732693325,
      0.0004730635373315639,
      0.0003059452879892177,
      0.0009343643321679806,
      0.0006515127018571487,
      0.001042836858643259,
      0.000644976142653686,
      0.0009650057544632329,
      0.001809157142729667,
      0.004150068513840366,
      0.0017703557180408502,
      0.9822083811460552,
      1.0493831684354102,
      1.0336938204646222,
      0.9340431491624939,
      1.0358443260369112,
      1.0046347037877703,
      0.9826460896676383,
      1.052335951701946,
      0.999701914947627,
      0.9668680689461324,
      1.0593609834584854,
      0.9352594835921376,
      1.0100511330853768,
      1.0509728938877052,
      1.024446798816206,
      1.0022898180746747,
      1.0485701322312075,
      0.9936553299472642,
      0.9705196275116633,
      0.9775688037813923,
      1.0239779425639544,
      1.0615657613784366,
      0.9789547018699177,
      1.003927356505915,
      1.0569181951103264,
      1.0515153374594888,
      0.9763725573463645,
      0.9516062278883584,
      0.9631152077197006,
      1.070276833918773,
      0.9976198055626042,
      1.0133236714750034,
      1.0268350471809924,
      0.970369699300173,
      0.9866507116609899,
      1.0200252784662336,
      1.0153866659513755,
      0.9579706548221456,
      0.983127566243401,
      1.0165546528845513,
      1.0345412397552016,
      0.9788061604210134,
      1.0298085829056458,
      0.9965757854682754,
      1.0162382906426934,
      1.1126226512229382,
      1.0294652327507638,
      1.0078076474645805,
      1.0087618675841477,
      0.9441540968882219,
      1.0448520208828453,
      0.9508193302282844,
      0.9115296038369383,
      0.9596016350108877,
      1.0209216747649466,
      0.9359201586347556,
      0.9757207381465064,
      1.0582455723032238,
      1.009830984440126,
      1.0329866739135978
    ],
    [
      0.0014841945540764456,
      0.006281799888997686,
      0.0019348146296176427,
      0.0014841945540764456,
      0.0014841945540764456,
      0.0035426489690361107,
      0.013168321760874901,
      0.004093628039931851,
      0.0032735375986351345,
      0.0019821261399325385,
      0.004313437870711367,
      0.0014841945540764456,
      0.003388998646033592,
      0.0077062747965768175,
      0.006141993842899374,
      0.0019263998027735374,
      0.004659492932652998,
      0.005696382006760592,
      0.0015508111829690696,
      0.003026321536520049,
      0.004307830119864575,
      0.00277045012500432,
      0.004700635404120024,
      0.0016267359094875866,
      0.0022682687172681515,
      0.0041329419177144056,
      0.0054428408102967785,
      0.006842471420383411,
      0.002239374591257337,
      0.0014841945540764456,
      0.9698723999811856,
      1.0346507008213037,
      1.0232324901443526,
      0.9217318771834085,
      1.025925177014794,
      0.9914534062730413,
      0.9702208524050256,
      1.039642306711411,
      0.9826133191459491,
      0.9526321341704497,
      1.0479684538467358,
      0.9259932463774521,
      0.9957390160068929,
      1.040541767353418,
      1.0107811819672456,
      0.9886422357988248,
      1.0339456106702807,
      0.9814337913567694,
      0.9616943149373924,
      0.9678721970437787,
      1.013324173605576,
      1.0555954345669587,
      0.9704034993347315,
      0.9885831346826852,
      1.0454533145856668,
      1.0403718804558828,
      0.9598749414855571,
      0.9408129537224876,
      0.950184097102712,
      1.060510493262582,
      0.9364108535371667,
      0.95296626895464,
      0.965508699076039,
      0.9087284745300411,
      0.9252788546992297,
      0.9589556845147066,
      0.9551177051622749,
      0.8974280917701515,
      0.9223393443818574,
      0.9551380936149844,
      0.9741898424881312,
      0.9183802564554898,
      0.9686992854364674,
      0.9352490848692251,
      0.9550653047016111,
      1.0509937807914105,
      0.9685129407586105,
      0.9477183143058081,
      0.9472129393423606,
      0.8831225596164625,
      0.9832494080169707,
      0.890191172396501,
      0.8513681495520176,
      0.8985765509566211,
      0.9596169241301972,
      0.8751145885527165,
      0.9149117650125497,
      0.9968365612886769,
      0.9482527137616988,
      0.9720345543030927
    ],
    [
      0.0005929809539977349,
      0.003432665072674479,
      0.00028053354732693325,
      0.0014841945540764456,
      0.00028053354732693325,
      0.0017876954918570886,
      0.007652586176134402,
      0.001483068675213861,
      0.001802519307647854,
      0.002493242949009322,
      0.0014310198141783692,
      0.0005289364860464607,
      0.0013548679102227679,
      0.0038914936089615715,
      0.0038656558045091494,
      0.0016522952011863712,
      0.0016350481977392972,
      0.0023357243883633805,
      0.0002861557759554767,
      0.0009414422264159006,
      0.001471796804354386,
      0.0005988975638967498,
      0.0016825165388317798,
      0.00048150604090557714,
      0.0013493213407625992,
      0.0016614759809555624,
      0.002075129184308633,
      0.0030094320898611526,
      0.00259110787585326,
      0.0014600446881721796,
      0.9713528906861821,
      1.0377375765095216,
      1.0235119620121833,
      0.9231908271051464,
      1.025853225025438,
      0.9934955160945604,
      0.9717598940989336,
      1.0413921475680559,
      0.98723059233097,
      0.9553562612508533,
      1.048872897034728,
      0.9254666172073883,
      0.9985264236589846,
      1.0408131874196562,
      1.0131507199703988,
      0.9909894718250367,
      1.0369608214485027,
      0.9828429163565849,
      0.9608847534364581,
      0.9676299137741771,
      1.0137233141464153,
      1.0529881824188192,
      0.9694182344728703,
      0.9920480612805038,
      1.046403094394639,
      1.0411078774528968,
      0.9640937804838541,
      0.9412803457975107,
      0.9520505450034721,
      1.0603648391005254,
      0.9763168808137914,
      0.9927665831511926,
      1.0054518396674696,
      0.9485405458263623,
      0.9651666138845315,
      0.998878167234941,
      0.9949001904021926,
      0.9371711467137906,
      0.9621773065792077,
      0.9950735796931793,
      1.0140014873098837,
      0.9581477978620102,
      1.0086315263060321,
      0.9751569031627643,
      0.994993149490757,
      1.0907842318820147,
      1.0084282456208,
      0.9874516621228607,
      0.9871327767851622,
      0.9228789705558057,
      1.023186136457277,
      0.9299283635406943,
      0.8908943594696388,
      0.9383836298007829,
      0.9995554297321693,
      0.9148250793715462,
      0.9547375372133122,
      1.0367786009893207,
      0.9881713668422201,
      1.01195126155639
    ],
    [
      0.0019611800216723374,
      0.0006272496361232616,
      0.0021032706296174597,
      0.0035426489690361107,
      0.0017876954918570886,
      0.0005318700203571503,
      0.00852953456690686,
      0.0005347311211902905,
      0.006334093993685119,
      0.0022556072891859458,
      0.0013313754418494694,
      0.0028487576013358495,
      0.0005318700203571503,
      0.006336528179212708,
      0.0012675910854625938,
      0.006813757217098648,
      0.0027652100150602488,
      0.0038538206409286513,
      0.0009294107958915943,
      0.0035426189703832156,
      0.003032666309515597,
      0.0013566302946023123,
      0.001235601460815361,
      0.0005318700203571503,
      0.005898945770949848,
      0.004603067362725088,
      0.002364705280043955,
      0.0021439154507213454,
      0.001664796329346796,
      0.006469847924099104,
      0.917629936440756,
      0.9849676710960437,
      0.968904174335975,
      0.8697043407682176,
      0.9710311276555227,
      0.9400716492292146,
      0.9180736273586488,
      0.987708518058445,
      0.935668176638857,
      0.9025410540800812,
      0.9946450970917414,
      0.8707364892377338,
      0.9455994698757932,
      0.9861916276281298,
      0.9599062082021996,
      0.9377789124599181,
      0.9841406330215511,
      0.9290325691449026,
      0.9058006187305033,
      0.912848521335228,
      0.9592010609149512,
      0.9967604814363996,
      0.9141983439757109,
      0.9396180978237053,
      0.9922031294630663,
      0.9867729555482659,
      0.9123172131789106,
      0.8870545924605537,
      0.8986672897764663,
      1.0055022420952526,
      1.0011215557714206,
      1.0211595163601843,
      1.02977158973701,
      0.9703184746907727,
      0.9889885823237781,
      1.024451126011617,
      1.0236017464162874,
      0.9643827542186314,
      0.988749257291095,
      1.018896985225321,
      1.0423986389441988,
      0.9860858306017949,
      1.0340160349693204,
      0.9993435128269078,
      1.02007496199178,
      1.1115637907788483,
      1.0345170963753407,
      1.0167362806158124,
      1.0101436008003697,
      0.947635099217427,
      1.0458351882394208,
      0.9566656162140532,
      0.918519718802978,
      0.9635344245190903,
      1.0239873505130437,
      0.9404492007331026,
      0.9811327163275088,
      1.0604463289531312,
      1.0110054068678715,
      1.038032042116705
    ],
    [
      0.01054882796887302,
      0.00727733726214308,
      0.005037919669532376,
      0.013168321760874901,
      0.007652586176134402,
      0.00852953456690686,
      0.0021770327269015066,
      0.0048178532370534155,
      0.005401500722991948,
      0.01721116632006303,
      0.00330568387254504,
      0.005918281211046539,
      0.006815883982369653,
      0.0021770327269015066,
      0.009925328351065854,
      0.00885525678185628,
      0.002234751858551931,
      0.0021770327269015066,
      0.006600036919613639,
      0.0037441677465199774,
      0.0024256197042467065,
      0.004309454505220023,
      0.003324602372260288,
      0.0075339360406611044,
      0.006791562847238364,
      0.0029401064482272865,
      0.0021770327269015066,
      0.0021770327269015066,
      0.015961177552191397,
      0.01023360304860721,
      1.0114475544388561,
      1.0818347107047723,
      1.0595567779138928,
      0.9636132240587175,
      1.060832528550104,
      1.035023860972477,
      1.0120222940510766,
      1.0815594595552913,
      1.036253168275762,
      0.9992134214861159,
      1.0864742873085351,
      0.9600157786909287,
      1.042172228393572,
      1.0766412557612306,
      1.0554342106425825,
      1.0334307474851117,
      1.080859334779749,
      1.0226231289484309,
      0.9943085288304809,
      1.002680792297173,
      1.050226088408286,
      1.0800718145809252,
      1.0022432549686524,
      1.03771635386279,
      1.0841667185087214,
      1.0783034539852747,
      1.01218582758324,
      0.9786516640902506,
      0.9934399776776207,
      1.0947270963201658,
      1.0942265167388767,
      1.1078084027474802,
      1.1234653980189566,
      1.068415288340092,
      1.0837797546979184,
      1.116086094497299,
      1.1096578242586845,
      1.0534249274325052,
      1.0788763135916226,
      1.1135022418310012,
      1.1288346705572923,
      1.073772095434833,
      1.125882228800581,
      1.0934862840421617,
      1.1125818555222742,
      1.209599778033299,
      1.125168219248429,
      1.101752453321879,
      1.106126644173312,
      1.0409324540940392,
      1.1420569310809434,
      1.0465529929367796,
      1.0066849869442003,
      1.056173129618607,
      1.11754850279808,
      1.032254856017577,
      1.0715956652116443,
      1.1548511277029978,
      1.1072638705641347,
      1.1286607031118967
    ],
    [
      0.0023166595243210297,
      0.0006272496361232616,
      0.0010910272850611635,
      0.004093628039931851,
      0.001483068675213861,
      0.0005347311211902905,
      0.0048178532370534155,
      0.0004071594948126256,
      0.00424513164511231,
      0.0042558709969848785,
      0.0004071594948126256,
      0.0018268614087824098,
      0.0004771881629355157,
      0.0032946759448283514,
      0.0012675910854625938,
      0.0054070556345299225,
      0.0009577337167853139,
      0.0015989221354033578,
      0.0006348671682212537,
      0.001830486166833567,
      0.0011830618293954265,
      0.0004071594948126256,
      0.0004071594948126256,
      0.0005902425895720764,
      0.004248130383506354,
      0.0024242689152188523,
      0.0006590463363623789,
      0.0005829372814760703,
      0.00339485505297743,
      0.005486127523703255,
      0.9431123792800296,
      1.011240811162166,
      0.9937565001620735,
      0.8951178627346714,
      0.9956937611228319,
      0.9658471577321112,
      0.9435863179414511,
      1.0133103792738638,
      0.962689831102293,
      0.9286362118149945,
      1.019801428597176,
      0.8951055857686744,
      0.9717466686667245,
      1.0110238293590113,
      0.9858425898143762,
      0.9637073711610175,
      1.010379498295044,
      0.9544836657470763,
      0.9300604648173469,
      0.9374220096319245,
      0.9841226237763777,
      1.0199794239554398,
      0.9383678198198836,
      0.9660954214653052,
      1.017386334212557,
      1.0118505398173319,
      0.9391403619332065,
      0.9119804800344113,
      0.924330150327247,
      1.0300840718406035,
      1.022172805999349,
      1.0404865626461348,
      1.0510383246289057,
      0.9926921882645224,
      1.0104815281372228,
      1.0451429362068192,
      1.0427726167059888,
      0.9842606499010232,
      1.0089638951236117,
      1.0403935239739392,
      1.061708578605273,
      1.005631485955317,
      1.0547896188490544,
      1.0206765756523455,
      1.0409972934455878,
      1.1342076597913984,
      1.0549592508333623,
      1.035612782351279,
      1.0320034639230276,
      0.968648737127174,
      1.067830674197036,
      0.9767612384374157,
      0.9380887930928574,
      0.984393016024658,
      1.0452064631564435,
      0.9610431254875591,
      1.0014258493620185,
      1.0819706174595016,
      1.0329429348311627,
      1.058474932350787
    ],
    [
      0.0029333665056933134,
      0.008096697245159157,
      0.0011414852878874893,
      0.0032735375986351345,
      0.001802519307647854,
      0.006334093993685119,
      0.005401500722991948,
      0.00424513164511231,
      0.0005261514437935322,
      0.008235785371828341,
      0.003013619702518233,
      0.0007414235380822642,
      0.005039690433771837,
      0.0018021302515588422,
      0.009620457546045569,
      0.0009499437791127274,
      0.0017730329686191926,
      0.001707704325441095,
      0.0024798542666099044,
      0.0005261514437935322,
      0.0013561489696034545,
      0.0020331744111554695,
      0.003486175322607199,
      0.003397041405589607,
      0.0005516639148693825,
      0.0005261514437935322,
      0.002733351274591622,
      0.0043877717357014845,
      0.008672478435566733,
      0.0010262387679402796,
      1.0295653846818653,
      1.096341677198649,
      1.0811523072630758,
      0.9813497510934579,
      1.0833377050396835,
      1.0518856399556507,
      1.029993717715611,
      1.0995304900918819,
      1.0464073900141855,
      1.0139981181786213,
      1.1066580298761646,
      0.9828289267564054,
      1.057157256693774,
      1.098381237682462,
      1.0716086329733125,
      1.0494884182478978,
      1.0955457344648174,
      1.0410200725226741,
      1.0181607506832444,
      1.025155341090447,
      1.0714442118913472,
      1.1091540146494532,
      1.0266130809842589,
      1.0509000981335954,
      1.104217947493178,
      1.0988631430406168,
      1.0231802431632995,
      0.9990891170825046,
      1.0104001667889342,
      1.117658005473416,
      0.9924272162725863,
      1.0049158134019718,
      1.0219796707498479,
      0.9678618383477993,
      0.982342021671112,
      1.0140954723386224,
      1.0066962601056328,
      0.9507543978406652,
      0.9764204983292869,
      1.0121624937227325,
      1.0260621426179726,
      0.9708977004724856,
      1.0240132560384343,
      0.9919246328774484,
      1.0107504180254765,
      1.11048941490494,
      1.0230520021348404,
      0.9986161687453466,
      1.0050960178554262,
      0.9391243521915117,
      1.041384665875294,
      0.9440372633988804,
      0.9040229517000262,
      0.9541970830417494,
      1.0159870400851538,
      0.9301452612893946,
      0.9691875129699508,
      1.0538494947147188,
      1.0063146500718392,
      1.0265690460260513
    ],
    [
      0.0019821261399325385,
      0.004514098105955933,
      0.004259869124636051,
      0.0019821261399325385,
      0.002493242949009322,
      0.0022556072891859458,
      0.01721116632006303,
      0.0042558709969848785,
      0.008235785371828341,
      0.0019821261399325385,
      0.00552988801568155,
      0.004307558845649706,
      0.002846946485364099,
      0.012166681700011561,
      0.0035038211813968045,
      0.0067011366188393096,
      0.007229064585584477,
      0.008895286517922152,
      0.002578746705620971,
      0.00644447546680893,
      0.0071860016764150325,
      0.004368009792690475,
      0.005657108467898686,
      0.0019821261399325385,
      0.006865811942342592,
      0.008166897230540093,
      0.007393270170938715,
      0.007937910406383253,
      0.0019821261399325385,
      0.005611032648708325,
      0.9140245881161649,
      0.9787064472177177,
      0.967350417415754,
      0.866107392688648,
      0.9700697654642986,
      0.9355363503431323,
      0.9143701426711354,
      0.983695576756926,
      0.9268051953382579,
      0.8968370525895952,
      0.9920579267161501,
      0.870478506334955,
      0.9398154879689237,
      0.9846630209084527,
      0.9548334389357651,
      0.9327294870149635,
      0.9779992276598752,
      0.9255541480233997,
      0.906038785481697,
      0.9121367334785285,
      0.9574397026509587,
      1.0000826747289089,
      0.9147371374887951,
      0.9326923672012417,
      0.9895380615108607,
      0.9844635892043574,
      0.9041088724367012,
      0.8851342364112581,
      0.8944020256956118,
      1.0046883958638726,
      0.934026489309351,
      0.9543267283616228,
      0.9626237953580618,
      0.9033028054199935,
      0.921897118827582,
      0.9573589978013188,
      0.9568068013501734,
      0.8975853167029275,
      0.9217953023750399,
      0.9517451130479377,
      0.9755612211602865,
      0.9192758110415998,
      0.9669102456860708,
      0.932232212121681,
      0.9529612435635448,
      1.044661633376517,
      0.9674539912094479,
      0.9500311763022188,
      0.9429964993365558,
      0.8807559977028905,
      0.978676791596452,
      0.889863647062525,
      0.8520662551841611,
      0.8965880140185551,
      0.9568456386783183,
      0.8736598005822469,
      0.9141907837860797,
      0.9933086572563091,
      0.9438574690486561,
      0.9709688012288545
    ],
    [
      0.002578153564847696,
      0.0014247206574112825,
      0.0007072214051103698,
      0.004313437870711367,
      0.0014310198141783692,
      0.0013313754418494694,
      0.00330568387254504,
      0.0004071594948126256,
      0.003013619702518233,
      0.00552988801568155,
      0.0001940313839587926,
      0.0013386482466272165,
      0.0006837847310769973,
      0.0018911087556660044,
      0.00243531480112702,
      0.004409763604130923,
      0.00029518014477969423,
      0.000679249459475173,
      0.0007217783877007111,
      0.0010224790574232534,
      0.0004455241620326955,
      0.0003059452879892177,
      0.00021048879131968512,
      0.0009156114865597198,
      0.0032170001498732503,
      0.001356369688432224,
      0.00019581393224454846,
      0.0005829372814760703,
      0.004757731280425226,
      0.004704014035677884,
      0.9618326691981678,
      1.030182516486053,
      1.0122829531402695,
      0.9137911682112703,
      1.0141594122503528,
      0.9846572854184322,
      0.9623157295565905,
      1.0320584363239504,
      0.9818379622450641,
      0.9475277875236959,
      1.0384113134651078,
      0.913455727123685,
      0.990662930761898,
      1.0295372291807317,
      1.0046976790529343,
      0.9825614958703996,
      1.0293120919828138,
      0.9731970670780292,
      0.9483944502705072,
      0.9558597922208312,
      1.0026731794538366,
      1.0379502740117954,
      0.9566748114373763,
      0.9851022673272911,
      1.0360058414317244,
      1.0304403164005906,
      0.9582317337144423,
      0.9305179256305253,
      0.9430961967716699,
      1.0485065671145228,
      1.0287131463967376,
      1.0457616407400536,
      1.057731536215846,
      1.0002432421626797,
      1.0173564006213824,
      1.0514107881376296,
      1.0479349986287059,
      0.9899605408129721,
      1.0148939957660956,
      1.0472603201295667,
      1.0669684215007715,
      1.0110773691373673,
      1.0611164707141276,
      1.0274273026446508,
      1.0474363171735301,
      1.1419669665838215,
      1.0610420831995673,
      1.0405662374737457,
      1.0391455889097287,
      0.9751950183967871,
      1.0750706525951195,
      0.9826252922777395,
      0.9436073171021795,
      0.9908117535465981,
      1.0518650716270919,
      0.9672859688860903,
      1.0074174190915244,
      1.088857004439029,
      1.0401434386883428,
      1.0645580206799037
    ],
    [
      0.0008942690213874505,
      0.004392886387808881,
      0.0005289364860464607,
      0.0014841945540764456,
      0.0005289364860464607,
      0.0028487576013358495,
      0.005918281211046539,
      0.0018268614087824098,
      0.0007414235380822642,
      0.004307558845649706,
      0.0013386482466272165,
      0.0005289364860464607,
      0.0020868133244423825,
      0.0024308091428327794,
      0.005270834470576524,
      0.0009499437791127274,
      0.0010331811532942048,
      0.0014301672969940782,
      0.0005289364860464607,
      0.0005289364860464607,
      0.0008079699854447453,
      0.000547653453459751,
      0.0016478568087419099,
      0.0009783222366063216,
      0.0005516639148693825,
      0.000681314119801768,
      0.0016059542477400157,
      0.002725283535554124,
      0.004446299463551795,
      0.0010262387679402796,
      0.9913305848824521,
      1.0580729984576274,
      1.0431535454516905,
      0.943135063655215,
      1.0453970445389755,
      1.013611847135234,
      0.9917525055832422,
      1.0613975244020568,
      1.007945263655907,
      0.9756363734865183,
      1.0686509618124227,
      0.9448842200807149,
      1.0188221269831585,
      1.0604336253293023,
      1.0333374597401255,
      1.0111815509565016,
      1.0572802656811242,
      1.0028023537840134,
      0.980245643248257,
      0.9871506013787009,
      1.0334052050821478,
      1.071763321189053,
      0.9887310542010914,
      1.0125047759812629,
      1.066196479139836,
      1.0608520299930448,
      0.984720308708829,
      0.9609821844667588,
      0.9721197018719339,
      1.0798430203082465,
      0.9869408484191221,
      1.002034266005805,
      1.0162300978949832,
      0.9602370166104147,
      0.9761474940304589,
      1.0092064400563892,
      1.0040460384622656,
      0.9469046619854113,
      0.9721539442045707,
      1.0060389492185755,
      1.0232460091372881,
      0.967606538787908,
      1.0190194917261886,
      0.9860043353214168,
      1.0055047128996057,
      1.102645248912405,
      1.018556238640593,
      0.996374488965398,
      0.9983913684124268,
      0.9335157152207928,
      1.0345362420672433,
      0.939837983880902,
      0.9004333078816819,
      0.9488840591922864,
      1.010298846058517,
      0.9251392164402612,
      0.9647809887728811,
      1.0477494797465112,
      0.9994912939289841,
      1.0220783164899703
    ],
    [
      0.0017911576359613823,
      0.0006272496361232616,
      0.0013909067483249826,
      0.003388998646033592,
      0.0013548679102227679,
      0.0005318700203571503,
      0.006815883982369653,
      0.0004771881629355157,
      0.005039690433771837,
      0.002846946485364099,
      0.0006837847310769973,
      0.0020868133244423825,
      0.0004771881629355157,
      0.004792138228802645,
      0.0012675910854625938,
      0.00574968037606971,
      0.001782166782508754,
      0.0026725220888472734,
      0.0005621242286234507,
      0.0025098991525478453,
      0.002007615146583319,
      0.0007318852892325145,
      0.0006269857403968793,
      0.00048150604090557714,
      0.004775220653221779,
      0.003367357118978065,
      0.0014713579643551578,
      0.0013757625115071725,
      0.0020749069239046625,
      0.005580584262540822,
      0.9307926980427388,
      0.9983980116138493,
      0.9818829281548848,
      0.8828160944825677,
      0.9839486354093359,
      0.9533362753804633,
      0.9312461685721354,
      1.000930339411151,
      0.9493102364709399,
      0.9158871559025732,
      1.0077258939794724,
      0.8835125866697054,
      0.9589815524282503,
      0.999166896425718,
      0.9732274121948551,
      0.9510903995678478,
      0.9975603411261189,
      0.9421905878116469,
      0.9185621446390141,
      0.9257165675545885,
      0.9721998814887117,
      1.0092004771950038,
      0.926934221766736,
      0.9530989397933868,
      1.005292308058153,
      0.9998275853196658,
      0.9258892688669854,
      0.9000225407754021,
      0.9118767273415532,
      1.018397620815018,
      1.0079070704587108,
      1.0270601844644305,
      1.0366763236401726,
      0.9777957413782946,
      0.9960030823400937,
      1.0310549566025984,
      1.0294233689524541,
      0.9705577222094443,
      0.9950992869778831,
      1.0259190215834844,
      1.048296759445618,
      0.9920919264632913,
      1.0406650987032102,
      1.0062758351003502,
      1.026797417966696,
      1.1192355533985527,
      1.040994511566214,
      1.0224064514610745,
      1.0173544992283523,
      0.9543976313815044,
